title,sun,mon,tue,wed,thu,fri,sat
Gumbo,0.12,0.08,0.12,0.19,0.10,0.17,0.21
Paul and Silas,0.14,0.08,0.08,0.11,0.16,0.27,0.15
Free,0.15,0.04,0.15,0.12,0.10,0.25,0.20
Alumni Blues,0.14,0.09,0.10,0.16,0.06,0.19,0.25
Foam,0.11,0.08,0.09,0.11,0.17,0.17,0.26
Tweezer,0.17,0.06,0.07,0.12,0.14,0.18,0.26
Strange Design,0.14,0.08,0.13,0.09,0.13,0.19,0.25
Hello My Baby,0.23,0.07,0.14,0.14,0.16,0.16,0.11
Fire,0.09,0.16,0.12,0.07,0.15,0.18,0.22
Lawn Boy,0.14,0.05,0.12,0.07,0.13,0.19,0.31
I Didn't Know,0.18,0.07,0.10,0.12,0.17,0.24,0.13
Seven Below,0.22,0.11,0.07,0.15,0.09,0.20,0.17
Colonel Forbin's Ascent,0.20,0.09,0.09,0.08,0.19,0.20,0.15
Love You,0.15,0.04,0.08,0.04,0.23,0.19,0.27
Backwards Down the Number Line,0.13,0.05,0.12,0.13,0.03,0.21,0.32
Good Times Bad Times,0.12,0.08,0.07,0.11,0.12,0.21,0.28
Tube,0.19,0.06,0.11,0.08,0.10,0.22,0.24
Ginseng Sullivan,0.15,0.09,0.18,0.13,0.09,0.21,0.16
Possum,0.15,0.08,0.10,0.11,0.15,0.21,0.21
La Grange,0.17,0.08,0.05,0.13,0.06,0.17,0.34
The Curtain With,0.35,0.08,0.11,0.08,0.05,0.11,0.22
Blaze On,0.06,0.04,0.12,0.08,0.04,0.37,0.29
Uncle Pen,0.14,0.07,0.12,0.10,0.22,0.16,0.19
46 Days,0.12,0.05,0.17,0.08,0.05,0.21,0.31
Cities,0.13,0.05,0.20,0.17,0.07,0.20,0.19
Loving Cup,0.20,0.08,0.14,0.14,0.09,0.20,0.14
Bold As Love,0.17,0.05,0.07,0.11,0.13,0.23,0.24
Martian Monster,0.15,0.03,0.12,0.09,0.03,0.32,0.26
Fluffhead,0.15,0.05,0.09,0.08,0.14,0.22,0.27
The Wedge,0.16,0.05,0.16,0.11,0.06,0.26,0.20
David Bowie,0.17,0.08,0.10,0.11,0.14,0.20,0.20
Meat,0.26,0.10,0.15,0.08,0.08,0.28,0.05
All Things Reconsidered,0.14,0.08,0.14,0.15,0.14,0.18,0.18
Harpua,0.21,0.10,0.18,0.04,0.07,0.23,0.17
Train Song,0.12,0.09,0.14,0.21,0.09,0.21,0.14
Boogie On Reggae Woman,0.23,0.06,0.12,0.06,0.11,0.20,0.22
Walls of the Cave,0.19,0.03,0.19,0.08,0.05,0.26,0.19
Nellie Kane,0.11,0.04,0.18,0.14,0.13,0.24,0.17
Sugar Shack,0.21,0.03,0.17,0.10,0.10,0.21,0.17
Peaches en Regalia,0.11,0.11,0.16,0.12,0.09,0.17,0.23
Twist,0.20,0.09,0.10,0.11,0.05,0.27,0.17
Tweezer Reprise,0.18,0.06,0.08,0.14,0.10,0.16,0.28
Grind,0.20,0.00,0.12,0.08,0.08,0.20,0.32
Guyute,0.14,0.07,0.10,0.17,0.13,0.17,0.22
Horn,0.12,0.08,0.14,0.09,0.17,0.19,0.22
Frankenstein,0.16,0.04,0.08,0.14,0.20,0.14,0.23
The Line,0.28,0.03,0.14,0.19,0.06,0.14,0.17
The Lizards,0.12,0.07,0.10,0.11,0.17,0.22,0.21
"My Friend, My Friend",0.16,0.07,0.15,0.15,0.08,0.23,0.16
The Landlady,0.15,0.08,0.05,0.12,0.19,0.21,0.20
It's Ice,0.15,0.09,0.12,0.15,0.13,0.19,0.17
Rift,0.14,0.07,0.12,0.11,0.14,0.20,0.22
Sleeping Monkey,0.10,0.09,0.11,0.10,0.13,0.18,0.29
Ghost,0.16,0.06,0.15,0.10,0.11,0.25,0.18
Golgi Apparatus,0.11,0.08,0.10,0.11,0.15,0.23,0.22
A Song I Heard the Ocean Sing,0.29,0.00,0.16,0.16,0.05,0.18,0.16
Gotta Jibboo,0.23,0.08,0.14,0.12,0.09,0.14,0.20
The Squirming Coil,0.11,0.08,0.11,0.12,0.14,0.21,0.23
Sand,0.08,0.11,0.09,0.07,0.06,0.35,0.23
AC/DC Bag,0.16,0.06,0.10,0.09,0.11,0.22,0.25
Taste,0.16,0.06,0.17,0.15,0.09,0.22,0.14
Rock and Roll,0.12,0.08,0.08,0.12,0.09,0.22,0.29
Wilson,0.15,0.08,0.12,0.10,0.08,0.21,0.26
Meatstick,0.21,0.01,0.10,0.09,0.09,0.27,0.22
Stealing Time From the Faulty Plan,0.14,0.03,0.16,0.25,0.03,0.18,0.21
I Am Hydrogen,0.10,0.06,0.13,0.08,0.19,0.21,0.23
Kill Devil Falls,0.10,0.02,0.18,0.17,0.05,0.21,0.26
Suzy Greenberg,0.13,0.06,0.08,0.13,0.13,0.20,0.26
Lifeboy,0.11,0.04,0.14,0.16,0.16,0.20,0.20
Dirt,0.17,0.11,0.13,0.17,0.14,0.08,0.21
My Soul,0.15,0.10,0.10,0.19,0.09,0.18,0.20
Bike,0.00,0.12,0.12,0.08,0.16,0.36,0.16
Llama,0.10,0.08,0.12,0.13,0.14,0.20,0.23
Acoustic Army,0.04,0.07,0.07,0.15,0.22,0.11,0.33
Mike's Song,0.10,0.06,0.14,0.12,0.14,0.20,0.24
Billy Breathes,0.13,0.08,0.05,0.19,0.13,0.26,0.16
The Moma Dance,0.16,0.06,0.13,0.13,0.11,0.21,0.20
Poor Heart,0.12,0.11,0.09,0.14,0.16,0.18,0.19
Party Time,0.16,0.06,0.16,0.03,0.06,0.23,0.29
Contact,0.16,0.06,0.12,0.10,0.11,0.18,0.27
Buried Alive,0.10,0.07,0.12,0.14,0.16,0.20,0.21
My Mind's Got a Mind of its Own,0.16,0.18,0.07,0.14,0.16,0.23,0.07
Undermind,0.17,0.06,0.10,0.19,0.06,0.27,0.15
Ya Mar,0.13,0.06,0.11,0.15,0.12,0.20,0.22
Scent of a Mule,0.15,0.07,0.10,0.13,0.14,0.21,0.21
Axilla (Part II),0.26,0.05,0.08,0.24,0.11,0.11,0.16
Brother,0.16,0.05,0.14,0.16,0.12,0.12,0.25
Axilla,0.16,0.10,0.10,0.14,0.10,0.24,0.15
Corinna,0.08,0.16,0.04,0.16,0.08,0.28,0.20
Back on the Train,0.24,0.08,0.09,0.12,0.10,0.25,0.13
Big Black Furry Creature from Mars,0.17,0.08,0.09,0.10,0.14,0.21,0.21
Stash,0.12,0.08,0.11,0.13,0.13,0.24,0.18
Hold Your Head Up > Love You > Hold Your Head Up,0.11,0.06,0.14,0.11,0.23,0.17,0.17
What's the Use?,0.18,0.12,0.08,0.18,0.02,0.16,0.24
Whipping Post,0.09,0.09,0.11,0.09,0.14,0.23,0.26
Farmhouse,0.16,0.08,0.09,0.14,0.12,0.26,0.16
Punch You In the Eye,0.15,0.04,0.12,0.13,0.18,0.23,0.16
Wading in the Velvet Sea,0.18,0.05,0.11,0.13,0.10,0.18,0.25
Jam,0.09,0.03,0.09,0.18,0.21,0.25,0.16
Slave to the Traffic Light,0.17,0.09,0.12,0.12,0.07,0.23,0.19
Driver,0.14,0.11,0.11,0.09,0.14,0.20,0.20
Golden Age,0.21,0.06,0.13,0.09,0.00,0.19,0.32
Prince Caspian,0.10,0.05,0.10,0.14,0.14,0.24,0.23
The Horse,0.18,0.05,0.10,0.16,0.13,0.18,0.20
Crosseyed and Painless,0.27,0.02,0.10,0.16,0.10,0.18,0.18
Twenty Years Later,0.23,0.03,0.14,0.03,0.06,0.26,0.26
Saw It Again,0.27,0.05,0.08,0.11,0.08,0.30,0.11
Also Sprach Zarathustra,0.15,0.06,0.10,0.12,0.13,0.21,0.24
You Enjoy Myself,0.13,0.07,0.09,0.13,0.14,0.22,0.22
Weigh,0.14,0.12,0.16,0.14,0.14,0.12,0.19
Frankie Says,0.14,0.03,0.28,0.07,0.21,0.10,0.17
First Tube,0.25,0.05,0.11,0.12,0.06,0.24,0.18
Fly Famous Mockingbird,0.21,0.08,0.09,0.08,0.19,0.19,0.15
Cars Trucks Buses,0.14,0.11,0.07,0.17,0.16,0.16,0.19
Cavern,0.12,0.09,0.09,0.12,0.14,0.23,0.21
McGrupp and the Watchful Hosemasters,0.16,0.08,0.12,0.14,0.17,0.18,0.16
Guelah Papyrus,0.12,0.09,0.11,0.12,0.14,0.21,0.22
Sanity,0.23,0.05,0.08,0.10,0.10,0.35,0.10
Glide,0.09,0.11,0.12,0.13,0.20,0.14,0.22
"I''m Blue, I''m Lonesome",0.13,0.00,0.27,0.17,0.07,0.20,0.17
Timber (Jerry The Mule),0.17,0.11,0.13,0.13,0.09,0.14,0.22
Theme From the Bottom,0.15,0.07,0.17,0.17,0.12,0.19,0.14
Makisupa Policeman,0.15,0.12,0.12,0.11,0.10,0.19,0.22
The Mango Song,0.19,0.05,0.11,0.07,0.10,0.26,0.21
Runaway Jim,0.14,0.06,0.11,0.14,0.13,0.20,0.22
Alumni Blues > Letter to Jimmy Page > Alumni Blues,0.08,0.14,0.10,0.04,0.14,0.20,0.29
Reba,0.15,0.08,0.11,0.10,0.13,0.21,0.22
NICU,0.15,0.08,0.09,0.13,0.13,0.19,0.23
Camel Walk,0.20,0.16,0.13,0.13,0.13,0.15,0.11
Waiting All Night,0.12,0.06,0.09,0.18,0.03,0.27,0.24
Letter to Jimmy Page,0.16,0.11,0.14,0.14,0.05,0.19,0.22
Character Zero,0.18,0.07,0.11,0.11,0.11,0.22,0.20
Highway to Hell,0.12,0.10,0.07,0.06,0.18,0.26,0.21
Memories,0.12,0.15,0.15,0.12,0.27,0.15,0.04
While My Guitar Gently Weeps,0.14,0.11,0.06,0.23,0.14,0.14,0.17
Silent in the Morning,0.19,0.06,0.10,0.17,0.13,0.17,0.19
Harry Hood,0.14,0.05,0.11,0.11,0.10,0.21,0.28
The Ballad of Curtis Loew,0.15,0.13,0.10,0.13,0.08,0.26,0.15
Fuego,0.17,0.02,0.17,0.08,0.05,0.26,0.26
The Curtain,0.16,0.06,0.13,0.08,0.18,0.21,0.18
Sweet Adeline,0.15,0.05,0.14,0.17,0.15,0.19,0.14
Roses Are Free,0.20,0.06,0.04,0.06,0.10,0.35,0.18
Limb By Limb,0.10,0.10,0.14,0.13,0.14,0.19,0.20
Divided Sky,0.14,0.08,0.12,0.10,0.15,0.19,0.21
Esther,0.15,0.08,0.11,0.08,0.16,0.17,0.25
Sparkle,0.13,0.09,0.12,0.12,0.14,0.18,0.22
Jesus Just Left Chicago,0.17,0.13,0.11,0.17,0.11,0.17,0.15
555,0.10,0.04,0.16,0.12,0.02,0.29,0.27
Wingsuit,0.16,0.00,0.13,0.18,0.05,0.16,0.32
Dog Log,0.08,0.16,0.08,0.20,0.04,0.16,0.28
The Man Who Stepped Into Yesterday,0.18,0.11,0.04,0.05,0.20,0.13,0.29
Destiny Unbound,0.23,0.02,0.05,0.05,0.16,0.30,0.19
Maze,0.16,0.07,0.13,0.10,0.13,0.19,0.22
The Old Home Place,0.16,0.07,0.09,0.14,0.12,0.26,0.16
Split Open and Melt,0.14,0.07,0.10,0.12,0.16,0.21,0.20
Waste,0.16,0.08,0.13,0.17,0.09,0.20,0.17
Birds of a Feather,0.15,0.06,0.15,0.16,0.11,0.20,0.19
Brian and Robert,0.19,0.04,0.17,0.19,0.10,0.15,0.17
Bouncing Around the Room,0.15,0.06,0.10,0.11,0.15,0.22,0.20
When the Circus Comes,0.10,0.09,0.15,0.10,0.13,0.16,0.25
Down with Disease,0.17,0.09,0.12,0.11,0.10,0.21,0.20
Dogs Stole Things,0.13,0.08,0.08,0.10,0.10,0.28,0.23
Magilla,0.06,0.13,0.11,0.08,0.19,0.27,0.17
A Day in the Life,0.13,0.08,0.18,0.07,0.10,0.19,0.25
Roggae,0.18,0.04,0.10,0.10,0.12,0.23,0.23
My Sweet One,0.15,0.04,0.08,0.14,0.15,0.21,0.22
Narration,0.38,0.21,0.13,0.03,0.03,0.21,0.03
Carini,0.24,0.05,0.15,0.06,0.05,0.22,0.23
Carolina,0.14,0.03,0.05,0.15,0.17,0.23,0.23
Heavy Things,0.16,0.07,0.16,0.10,0.10,0.24,0.17
Fee,0.17,0.10,0.08,0.10,0.18,0.16,0.20
Big Ball Jam,0.14,0.10,0.11,0.14,0.15,0.17,0.19
Terrapin,0.11,0.22,0.11,0.15,0.11,0.00,0.30
Ocelot,0.15,0.07,0.15,0.10,0.07,0.23,0.23
If I Could,0.18,0.07,0.18,0.16,0.11,0.21,0.11
The Oh Kee Pa Ceremony,0.11,0.07,0.06,0.08,0.19,0.24,0.25
Show of Life,0.17,0.00,0.21,0.14,0.07,0.14,0.28
Bug,0.12,0.08,0.17,0.13,0.09,0.21,0.22
Ha Ha Ha,0.13,0.03,0.13,0.13,0.26,0.19,0.13
Yarmouth Road,0.07,0.07,0.04,0.25,0.11,0.25,0.21
Chalk Dust Torture,0.14,0.07,0.11,0.14,0.14,0.23,0.17
Funky Bitch,0.19,0.07,0.11,0.12,0.07,0.18,0.26
Steam,0.12,0.07,0.05,0.19,0.02,0.19,0.37
Simple,0.12,0.06,0.14,0.15,0.11,0.21,0.21
Mound,0.13,0.08,0.09,0.19,0.12,0.16,0.24
Take the 'A' Train,0.07,0.10,0.05,0.18,0.15,0.19,0.26
Alaska,0.13,0.08,0.08,0.23,0.10,0.18,0.23
Beauty of My Dreams,0.15,0.08,0.15,0.15,0.15,0.21,0.10
Joy,0.15,0.02,0.15,0.09,0.09,0.26,0.24
Halley's Comet,0.14,0.07,0.17,0.11,0.08,0.18,0.24
Hold Your Head Up,0.09,0.13,0.10,0.08,0.13,0.24,0.22
Weekapaug Groove,0.11,0.06,0.15,0.12,0.14,0.20,0.23
Drowned,0.23,0.05,0.09,0.14,0.19,0.21,0.09
Water in the Sky,0.16,0.08,0.13,0.12,0.13,0.22,0.16
Kung,0.12,0.04,0.04,0.23,0.27,0.08,0.23
Sample in a Jar,0.14,0.08,0.13,0.17,0.10,0.17,0.20
Rocky Top,0.15,0.09,0.11,0.12,0.13,0.21,0.19
Walk Away,0.10,0.03,0.14,0.10,0.19,0.21,0.23
Free Bird,0.23,0.04,0.08,0.04,0.27,0.19,0.15
Julius,0.14,0.09,0.10,0.16,0.13,0.20,0.18
Tela,0.15,0.08,0.08,0.13,0.14,0.17,0.24
Piper,0.20,0.09,0.09,0.13,0.08,0.15,0.27
Caravan,0.14,0.10,0.10,0.05,0.14,0.26,0.21
Cold as Ice,0.05,0.05,0.21,0.21,0.17,0.12,0.19
Bathtub Gin,0.18,0.07,0.09,0.12,0.11,0.24,0.19
Sneakin' Sally Through the Alley,0.15,0.07,0.10,0.15,0.07,0.19,0.26
No Men In No Man's Land,0.09,0.02,0.15,0.13,0.04,0.36,0.21
Light,0.24,0.03,0.12,0.07,0.02,0.25,0.28
Dinner and a Movie,0.09,0.09,0.10,0.03,0.19,0.27,0.22
The Sloth,0.17,0.08,0.10,0.10,0.14,0.23,0.19
Dog Faced Boy,0.12,0.10,0.17,0.13,0.17,0.21,0.10
Scents and Subtle Sounds,0.10,0.10,0.07,0.28,0.03,0.17,0.24
Quinn the Eskimo,0.11,0.11,0.16,0.16,0.08,0.18,0.21
Vultures,0.21,0.12,0.12,0.07,0.12,0.19,0.19
Banter,0.18,0.13,0.05,0.17,0.22,0.13,0.12
Wolfman's Brother,0.09,0.09,0.11,0.14,0.10,0.23,0.24
Amazing Grace,0.07,0.12,0.12,0.11,0.14,0.19,0.23
Fast Enough for You,0.16,0.05,0.13,0.17,0.14,0.16,0.18
Run Like an Antelope,0.14,0.07,0.09,0.12,0.12,0.20,0.24
Halfway to the Moon,0.14,0.00,0.23,0.12,0.00,0.26,0.26
Waves,0.19,0.06,0.13,0.15,0.11,0.13,0.23
Avenu Malkenu,0.17,0.11,0.03,0.06,0.17,0.14,0.31
